Total: [(14, -0.001822798380574171), (50, -0.001822798380574171), (1, -0.001328138422833233), (3, -0.0012923554383072137), (4, -0.0008620870439841934), (5, -0.0008620870439841934), (13, -0.0001718929125523746), (29, -9.780796041108027e-05), (48, -2.7012774215299345e-05), (6, 0.0), (9, 0.0), (12, 0.0), (7, 0.00046447040580057015), (8, 0.00046447040580057015), (10, 0.00046447040580057015), (11, 0.00046447040580057015), (28, 0.00046447040580057015), (31, 0.00046447040580057015), (32, 0.00046447040580057015), (33, 0.00046447040580057015), (34, 0.00046447040580057015), (35, 0.00046447040580057015), (36, 0.00046447040580057015), (40, 0.00046447040580057015), (41, 0.00046447040580057015), (42, 0.00046447040580057015), (43, 0.00046447040580057015), (44, 0.00046447040580057015), (45, 0.00046447040580057015), (46, 0.00046447040580057015), (47, 0.00046447040580057015), (49, 0.00046447040580057015), (55, 0.00046447040580057015), (56, 0.0004724547168474335), (37, 0.000524240604770757), (30, 0.0005480223546003297), (27, 0.0005957209629256359), (38, 0.0010347111165482858), (39, 0.001224879204114447), (26, 0.0023523041209590873)]
Positive: [(7, 0.00046447040580057015), (8, 0.00046447040580057015), (10, 0.00046447040580057015), (11, 0.00046447040580057015), (28, 0.00046447040580057015), (31, 0.00046447040580057015), (32, 0.00046447040580057015), (33, 0.00046447040580057015), (34, 0.00046447040580057015), (35, 0.00046447040580057015), (36, 0.00046447040580057015), (40, 0.00046447040580057015), (41, 0.00046447040580057015), (42, 0.00046447040580057015), (43, 0.00046447040580057015), (44, 0.00046447040580057015), (45, 0.00046447040580057015), (46, 0.00046447040580057015), (47, 0.00046447040580057015), (49, 0.00046447040580057015), (55, 0.00046447040580057015), (56, 0.0004724547168474335), (37, 0.000524240604770757), (30, 0.0005480223546003297), (27, 0.0005957209629256359), (38, 0.0010347111165482858), (39, 0.001224879204114447), (26, 0.0023523041209590873)]
Zero: [(6, 0.0), (9, 0.0), (12, 0.0)]
Negative: [(14, -0.001822798380574171), (50, -0.001822798380574171), (1, -0.001328138422833233), (3, -0.0012923554383072137), (4, -0.0008620870439841934), (5, -0.0008620870439841934), (13, -0.0001718929125523746), (29, -9.780796041108027e-05), (48, -2.7012774215299345e-05)]