Total: [(50, -0.0037345494201688305), (38, -0.0035236009187601574), (39, -0.0034802948331595263), (56, -0.003451248283883413), (37, -0.0034379454549948764), (40, -0.003435788193087611), (41, -0.003435788193087611), (42, -0.003435788193087611), (43, -0.003435788193087611), (44, -0.003435788193087611), (45, -0.003435788193087611), (46, -0.003435788193087611), (47, -0.003435788193087611), (49, -0.003435788193087611), (55, -0.003435788193087611), (48, -0.003318976815006204), (32, -0.003060321370698243), (33, -0.003060321370698243), (34, -0.003060321370698243), (35, -0.003060321370698243), (36, -0.003060321370698243), (27, 0.00031168262146994254), (14, 0.0007033640727559113), (29, 0.0013944138779510592), (26, 0.0016288622826635744), (3, 0.0016964705286246797), (4, 0.0016964705286246797), (5, 0.0016964705286246797), (6, 0.0016964705286246797), (7, 0.0016964705286246797), (8, 0.0016964705286246797), (9, 0.0016964705286246797), (10, 0.0016964705286246797), (11, 0.0016964705286246797), (12, 0.0016964705286246797), (28, 0.0016964705286246797), (31, 0.0016964705286246797), (13, 0.0017502113242445412), (30, 0.0017531085045689265), (1, 0.0018724898063914672)]
Positive: [(27, 0.00031168262146994254), (14, 0.0007033640727559113), (29, 0.0013944138779510592), (26, 0.0016288622826635744), (3, 0.0016964705286246797), (4, 0.0016964705286246797), (5, 0.0016964705286246797), (6, 0.0016964705286246797), (7, 0.0016964705286246797), (8, 0.0016964705286246797), (9, 0.0016964705286246797), (10, 0.0016964705286246797), (11, 0.0016964705286246797), (12, 0.0016964705286246797), (28, 0.0016964705286246797), (31, 0.0016964705286246797), (13, 0.0017502113242445412), (30, 0.0017531085045689265), (1, 0.0018724898063914672)]
Zero: []
Negative: [(50, -0.0037345494201688305), (38, -0.0035236009187601574), (39, -0.0034802948331595263), (56, -0.003451248283883413), (37, -0.0034379454549948764), (40, -0.003435788193087611), (41, -0.003435788193087611), (42, -0.003435788193087611), (43, -0.003435788193087611), (44, -0.003435788193087611), (45, -0.003435788193087611), (46, -0.003435788193087611), (47, -0.003435788193087611), (49, -0.003435788193087611), (55, -0.003435788193087611), (48, -0.003318976815006204), (32, -0.003060321370698243), (33, -0.003060321370698243), (34, -0.003060321370698243), (35, -0.003060321370698243), (36, -0.003060321370698243)]